8401
3943
7830
7984
9116
1975
3352
7682
2777
5539
4773
6288
3647
5134
9522
9161
6357
7172
1416
6069
163
2428
1372
8041
1566
4009
1297
1088
9989
2182
5129
8391
6126
2960
6375
5242
4935
9727
2925
7713
5267
7699
4002
8915
2833
3524
8077
9190
697
9493
5259
860
1922
6632
8902
3488
641
200
4577
630
2382
9706
9022
8509
2666
5397
3752
7602
5125
6677
5316
392
4376
9318
9308
7209
2842
7385
6399
3540
6878
1659
4401
8800
8292
3303
2289
8933
3503
6866
9564
5886
6573
8586
4395
9239
3984
8147
6842
9109
4824
2158
9502
9201
1476
8810
6410
4319
6195
2810
7860
3074
4470
2261
1875
2762
5564
4165
1696
9068
1031
1260
4954
7604
9847
9350
6844
3831
7497
3686
2941
2322
5844
2444
1523
7321
1254
7934
1641
7450
745
9501
525
5215
1762
2400
7977
7326
6565
9674
6394
7597
934
1349
5202
782
699
2046
4614
8196
5733
7555
519
1578
9999
2043
8899
1254
9977
540
8705
723
41
9230
5938
1803
1631
3916
9130
8196
3590
5524
5794
4525
6873
996
5308
7572
3042
9922
5769
8776
7478
6289
354
7478
8332
9253
8732
8310
9794
7438
9033
9835
6668
4972
1639
8300
8889
769
6497
2480
6294
2291
7006
3168
3287
2314
741
6330
2236
6511
5106
9714
2800
5461
7192
1132
4714
5925
9443
4509
3363
8476
4345
32
3449
5984
8332
2338
6754
4829
4819
3049
7120
1825
6218
408
4139
6959
6739
6376
3471
1846
6091
6271
7307
3283
7404
2022
9209
6847
6531
2572
5324
876
2604
8773
6861
937
1112
3616
5766
5932
6665
2887
7757
2883
3296
1897
9843
35
8273
3314
1882
4364
9586
9189
7648
6990
1211
6857
3838
7742
9430
9162
8619
2035
7936
5480
72972
79049
79096
78739
74981
75761
71627
72739
78645
74923
74636
78489
74959
72910
71804
76841
77275
71390
76031
74924
78381
77242
71782
72219
74985
71212
71382
73604
73248
79318
79084
76220
78368
78181
74960
73349
73943
76588
76088
72589
71512
70725
71078
76472
73635
72882
73313
70911
74273
79344
75835
72654
76587
77617
74874
71572
78830
76256
75177
72078
75575
74261
78299
73943
72443
73260
77293
76386
79848
73382
78975
71360
74107
70054
77832
77743
72936
71146
78655
77210
70491
74491
79864
77079
72108
74738
78651
70939
70995
73828
73017
76571
78090
71317
70515
70534
74577
77808
76920
74425
71191
75896
75786
75298
75950
73619
73042
78887
74765
71698
76097
75257
76189
75961
72336
78298
70700
70988
79237
71696
74817
72254
78267
72908
73571
78782
73442
78149
76591
70363
72574
77782
76259
78361
73081
72210
71980
76124
71097
76746
77822
77194
72003
74011
73156
74340
72309
73857
75328
71547
75553
70145
73802
73821
73054
77374
72604
76496
75523
79195
76859
78097
76978
73119
76458
70060
75329
78439
76184
76426
75185
74007
73621
77188
78018
76778
71528
70328
70635
76857
71876
76189
77003
75678
70011
70057
73052
72615
76553
78575
71811
73413
76673
78790
76533
73132
78850
71862
71571
75034
78289
76756
79041
71911
73945
77060
78689
75473
77389
79324
72331
79265
75514
79334
74944
75525
79391
77996
78141
75944
76572
79952
79358
73245
78743
75891
76377
77593
77754
77949
72627
76043
74705
71669
77954
78650
78730
76644
74124
76119
75968
76456
75385
71483
75790
70329
77009
75181
78326
75150
71126
74898
75103
70484
78143
73846
76376
74521
71439
74130
72470
74067
70174
77175
75737
78129
75826
74467
74773
79951
70587
70742
76407
75972
72226
72197
76302
79235
77379
74628
74385
78505
79526
79489
78990
77670
73335
75367
72191
74775
79498
74661
78843
79672
71837
74580
77802
77664
79047
72575
17616
19635
13318
14023
15607
15544
16221
11910
14779
13601
16538
19165
12106
16065
18654
11097
13735
11990
16465
15926
16765
15963
10588
15608
15636
12426
10189
13438
10090
19236
16014
17706
18871
19332
11730
14479
14877
17952
16390
19656
11553
12928
18822
13660
18994
17476
14758
12729
19466
11223
18656
16231
17186
19245
11840
12822
11671
12029
16261
11762
11266
12275
19469
10138
11608
11199
14618
16485
19152
11008
16142
10705
13937
14964
14365
12931
12440
19123
15661
11907
10347
14318
18139
17533
13563
19979
10356
15235
12009
16617
16997
13276
18893
16467
13414
10501
17667
18033
16987
16819
19041
13129
17524
12979
18093
11890
15911
10534
11014
11572
12441
11361
15891
10580
18895
19455
10560
19252
14690
12569
15870
11688
15845
14763
18155
19260
15265
15822
17293
12252
12641
16335
15381
10166
19315
13475
12057
15226
14009
13071
16799
16451
14433
12690
17031
13328
12145
17592
12581
16835
10161
18451
18524
16007
13214
16679
15268
18480
12502
12562
10732
15143
18898
16114
15310
18213
19589
17367
13439
13599
10439
10238
10050
14872
12928
17082
18201
15074
14674
10782
11909
14836
19233
10433
10844
12448
17113
16112
10928
19615
18674
11660
14759
17572
17775
10069
15786
17364
17437
19225
10964
17876
19464
11014
12748
12393
18097
10950
17467
12772
11733
19377
17608
10966
19811
18452
13415
16924
14565
14343
16540
13239
16004
11299
10812
13779
11369
16598
11144
18806
15824
12108
16683
15288
13123
19432
17682
11220
10382
15149
13992
12115
14526
11601
13082
14337
10054
16497
11262
14619
10841
17802
17859
16846
19102
18671
10626
10471
15270
11771
19278
11095
13879
15961
16384
17003
15394
14066
18224
15776
19215
12217
17892
13742
13818
10974
18079
13873
17472
19341
18492
18314
17144
16352
15161
16246
15024
15788
16718
10294
17559
15997
11390
11439
11958
17774
18442
17353
11840
16667
23129
21055
28884
21022
24797
22703
21997
22877
26576
29470
22219
25069
27784
29363
21421
22946
25610
26445
28734
22328
26739
26293
28325
28129
27733
20284
25904
26175
27637
27744
22842
20767
28800
21727
21789
23597
24430
23787
26475
21006
23257
28694
26076
21041
28057
27497
23987
23667
23942
22721
25996
20682
29015
24321
28812
26748
24606
24716
22924
22244
22460
25767
23011
21260
27494
24801
24858
21924
28588
21333
22931
21845
20028
29007
22887
28086
26504
26875
21754
20447
29597
27750
21129
28612
22072
29941
25361
26679
24658
28285
28923
27119
24052
21934
28379
21547
26736
23238
23471
25325
24572
26403
27170
24600
25411
20058
22686
21916
26933
24440
22363
26530
22191
23493
25143
24264
23435
20504
20943
28093
28790
29866
25212
22842
21801
23592
24389
28537
26830
27861
23862
21403
24265
21033
26004
29676
21092
28690
21593
28026
23131
23956
24556
25323
27450
29700
29587
20885
20205
20530
28978
28995
20397
24191
21838
22198
27783
26227
20736
24614
24089
24599
26018
28355
25633
22022
28032
26725
20713
29625
24751
23845
23582
29308
29168
21032
29008
28756
21917
29214
29286
20896
28209
29683
25087
20047
21882
22871
26275
22618
27486
20364
27218
23505
28720
22851
25527
26752
29577
26240
26378
24328
20085
29960
23637
29254
20992
22646
28010
22910
21860
27297
23807
20069
26980
28895
20116
28863
21767
26391
21482
29253
26756
28700
22758
25477
21552
28286
22229
21129
24526
28607
25457
24612
28568
29095
23866
29561
21741
21876
22471
23601
29173
26278
23671
26154
25173
23787
25018
26940
20179
26500
26194
26936
25201
28953
22414
26753
27239
24643
27882
21766
23251
23340
26379
21820
22435
20245
21381
24176
22122
23852
27778
21296
20131
21449
27451
25305
25237
22469
22246
25417
28970
28441
22354
24171
27394
24768
20924
24634
29412
28807
26400
22664
22147
22780
24484
24582
23025
25865
98759
95148
99718
96537
96445
99849
97987
93896
95155
93224
96366
97401
98641
95337
95842
90996
99508
93237
95764
90433
97871
95177
99241
94272
97841
91388
97052
92325
95971
90078
98191
94730
95227
97909
91268
91672
97758
99255
95569
92914
92479
91935
90316
91121
97272
96158
92117
96781
99396
97882
97215
97268
93059
96456
91541
90901
97844
98594
93226
93816
98673
91417
98546
93900
99327
99814
95572
97086
99069
91141
90000
91549
93077
90316
92670
90350
96475
94788
97131
95871
92671
94347
93140
95731
90803
94681
96632
98648
93276
99859
92464
91949
91277
91011
95849
90604
90825
91422
97690
99895
92564
97691
91444
95642
98007
94115
95992
94483
98904
93124
90355
91575
97472
93495
97306
98276
98177
93939
96924
91453
93798
99389
93403
95076
90400
99253
95680
91226
90676
93371
91122
93240
91062
92566
98883
99070
96682
94876
93553
95586
98001
93908
97161
95473
97404
94468
93749
95581
98408
90674
97035
92206
90064
90438
97282
90465
99692
92963
91691
90368
96335
92813
93609
97397
95380
92492
96468
92062
97369
90022
97649
95370
93930
94811
90843
91335
99280
94593
96917
97688
95268
93953
99894
95332
94392
97177
95797
94084
90141
97489
94452
96476
90303
98061
93874
95683
90554
90343
97746
97923
90365
95395
93293
94296
90207
94137
95631
99487
98730
92549
97175
93999
96502
97069
99331
90894
94247
95129
94978
94389
92618
99430
90865
92922
97492
94740
98605
98046
95083
96352
95969
95448
91748
99262
99744
91955
93400
95376
91442
92131
97925
98617
96130
94427
95687
95462
95322
99935
90591
90300
94324
93210
99731
95190
96132
97223
99931
94738
95270
95014
91090
91239
90463
92839
90502
90208
94794
93902
95585
96237
96034
93510
94854
92164
97938
90542
97626
93260
90477
98218
93561
94801
91428
93293
99992
97561
90516
99923
92299
95787
94938
93390
97026
95401
96229
97529
95610
91024
91432
91195
47261
47466
44706
42116
49630
42645
42658
47257
45906
43135
45476
49468
47937
46905
42761
47929
44466
43278
47853
46766
49065
42791
40156
46091
48193
46386
43621
43804
47411
45053
45000
44672
42519
49706
46788
42150
42352
49446
49408
48258
42582
44884
47727
40520
41789
40488
48450
46255
43766
46303
43022
42831
49095
43179
48923
47289
49566
42544
41093
46977
47597
46093
41650
40117
45800
48438
42268
48152
47885
41676
46411
40468
46560
44138
40988
48350
44627
49438
44606
48393
45742
47628
41224
44837
40807
40148
42126
40374
42692
43219
47351
40290
49313
49001
40407
45113
47440
42675
43266
45326
44352
49678
45794
40913
43817
46783
49263
48444
46222
43870
46838
41964
41498
48063
46801
42306
48211
48928
42680
40903
42147
40032
41193
41461
49033
41601
46575
46474
44277
49842
41800
48629
49520
47595
49542
43338
44379
48805
41783
40601
42676
48621
42565
44174
46684
49367
46481
44895
48295
49162
45799
40443
49194
46993
41905
48228
48594
48480
44703
42871
48322
46504
41500
47842
44100
41043
41181
48479
49849
42964
49081
42525
41585
41646
46700
48270
41014
43181
43166
49310
42344
48966
49753
41539
45959
41658
49767
44554
40139
44471
47426
48461
40975
48927
46304
45075
49970
47485
43555
49819
40449
42636
42345
42035
44283
49045
40306
45297
42227
43472
44607
44571
42439
44361
46110
48398
46020
45878
42953
46159
40350
40379
44620
41325
49306
40924
46401
49277
48410
49956
49096
48860
42592
41441
40896
46875
40487
41202
42172
42714
44675
46780
47286
47114
41142
43397
45513
47162
49276
48466
43321
49626
48845
47942
40951
48151
48867
47353
47429
47277
47309
46525
46138
49901
47967
47034
46777
48455
48236
48950
41169
42911
45730
48456
40026
46872
41853
45539
44035
41129
44005
47357
40756
42850
45299
41708
41002
44167
49061
48431
41444
46370
44957
47582
46272
42925
44617
43049
41380
42853
51999
52550
55765
57730
51007
55791
54603
52860
51331
58638
53990
55336
55995
54746
58187
51295
56455
59189
55462
55516
57621
56907
51886
52579
54490
58159
55504
59107
51208
56885
51960
53207
59436
57726
50937
50443
53518
55540
53304
54849
54179
57294
50185
50175
52041
58372
51470
58496
57562
56933
54013
55184
53840
55900
57763
58330
54059
53268
57437
55267
50154
59398
58475
59590
57125
59413
50034
50643
54954
53338
55492
59133
50633
55678
59308
52675
54050
50779
51172
51613
57712
55185
56797
51552
51086
54561
59883
55145
57830
57321
50412
57984
56720
58887
57575
53845
58301
57610
54488
53255
50949
59981
52388
51583
55659
51697
54258
59710
52476
55431
51324
50189
50617
58121
51742
51703
52683
51625
56848
50513
58947
57261
58498
55667
56149
56074
59512
54450
53684
54001
57705
54633
53982
50094
56216
59642
51792
50475
59352
54269
55907
50676
54458
56525
58798
56200
58228
51482
57826
55077
51996
56773
52339
50494
52440
58489
56568
51953
52939
50253
55954
50645
54887
59937
50740
51104
59580
52532
51580
58933
56801
57487
59610
51260
54012
58408
57460
52241
59891
55287
57319
51887
52060
59658
52382
54501
58147
58951
56454
51087
59204
52409
51733
54092
52347
52474
55196
51927
55007
56776
50860
51808
54264
50470
53069
58277
58879
50529
50518
58770
55816
57838
50658
57877
57496
53040
52378
55644
51991
58832
56732
51196
51242
58466
55288
53589
50940
50485
55516
55947
57261
56377
57756
51526
56847
50825
59803
55727
51355
50321
54498
57172
58159
55157
55049
55656
58197
57428
51301
50189
56261
58034
51386
57503
56500
56675
51092
57441
57160
56609
53389
54422
52986
51145
55948
59834
51971
55752
55562
53327
56073
50061
50499
54233
55218
55548
59890
53416
52976
51192
53606
59237
59226
54992
56741
55727
51668
57834
53168
58829
54443
56558
53252
57430
57704
59200
57265
59675
54952
52828
83002
81026
82889
83502
85260
88107
89050
85151
81524
82027
86343
85130
81265
85570
80123
88007
81297
81791
85841
84466
80620
80285
81024
83872
87715
88728
83073
84981
88404
88026
87809
81406
89053
80699
84908
84314
88807
83959
89465
80331
85987
85808
85461
87253
81378
85584
85260
82676
87376
81101
87142
87996
81386
88166
81869
89102
86895
84943
84084
85299
82969
81894
86706
82023
82593
81614
86337
81400
85574
85802
81732
81562
81611
87193
88816
82990
82778
84076
85666
80154
85178
82808
88151
86565
80975
80021
85668
87870
84964
89752
83169
87934
81646
89875
89957
84239
81490
86294
85640
87065
82097
87372
88627
83708
84566
87443
86698
87345
81520
82364
87500
86699
85173
85651
83264
86148
85673
88932
84018
80637
88684
87188
88571
80330
87063
88528
84570
88554
84823
80210
85619
86920
87583
84247
80629
82150
81691
87328
89495
83211
89693
86996
89910
84866
82647
83175
81015
88320
82108
85033
88958
80792
82222
87529
81123
89286
86058
85694
87840
80882
85905
83459
87802
83488
87706
88432
85639
89397
85760
85134
82609
85453
82130
82520
80320
84778
85696
81335
83099
87804
86369
82058
88596
88591
89587
89720
87877
85646
85414
85717
86528
81319
89177
84331
84808
86883
82763
80447
86281
88523
85582
88891
83977
87713
81412
84297
82492
87108
85632
85592
84912
82001
87650
83509
80592
87238
83229
88470
82884
88644
84187
89412
89964
83365
83744
84773
80249
86507
85221
86530
85031
80804
85422
89008
88517
86834
83306
81010
83942
88939
86603
88854
80940
84253
82363
81533
81491
85593
80004
84376
84237
84191
83789
84202
87556
87533
88975
87805
84041
84196
84336
89072
85000
89759
88081
83518
86593
81388
84529
80536
80327
81132
89391
81268
85385
81754
82801
86877
87348
82805
81254
81586
86997
85043
85788
84554
82577
84763
82360
86619
88960
86697
85691
83960
86456
83773
87479
83050
85162
82008
63587
65489
63140
62978
66757
68526
64733
69559
65403
62081
62365
66658
63667
69363
61702
69456
63917
64279
64219
66278
60899
63180
62976
66591
67140
69433
60364
64620
62483
65526
66628
66071
61016
69769
69049
67773
68295
63783
67333
63699
65864
69698
60357
69532
69061
62059
68988
62979
66339
63208
69258
67239
66388
62234
63830
63529
61667
64195
68149
64151
69721
64778
60222
60738
64547
69272
68512
62843
63055
65845
66542
68920
65543
66900
68453
64605
68960
67442
67584
65300
60650
66843
62539
67039
69077
66369
60568
60745
60564
68718
64896
60286
63497
65119
61024
68045
64391
69536
60888
67447
65382
67431
66367
60925
64332
64821
65531
63292
62263
63116
68593
62913
69959
61132
69952
69036
67502
60521
69781
68066
69240
64678
68353
62737
69797
69378
60782
64189
68915
61671
61636
64297
69102
68004
65222
63434
62825
60754
66727
65088
63870
65321
68002
63829
66453
67955
62865
63956
68477
62647
62023
67717
67325
60376
60454
67123
69754
61236
61312
68669
62907
62949
62967
62010
60953
68189
65445
63778
68943
62173
68867
62814
67494
66869
66643
63948
64825
69508
67904
63302
62156
69927
61019
69482
60304
61474
66605
60059
62711
67917
68729
65619
60866
61696
67629
61820
69886
63075
65599
68830
65248
64466
61644
62743
61336
68287
66691
66161
67796
64596
69463
69952
64524
60483
69434
64828
61957
66039
64887
64668
63957
63616
60287
64824
65312
67917
66644
65198
60992
62243
64028
66241
66709
65672
68984
68046
63959
65676
64207
61756
60272
63671
61708
64796
64155
61143
69625
66112
67183
64512
60781
61140
68129
61068
65964
63441
68986
62609
68640
69978
64852
62668
66220
61562
68341
65204
69608
62301
60881
63816
64057
61154
67488
65766
65951
61643
66909
65576
67756
64092
60088
68537
65232
68217
69606
61197
61659
68592
63806
60299
68571
68659
62968
64791
60221
61309
69996
69830
63611
60877
33646
37668
32031
31135
33434
37982
32778
30343
33559
30535
34435
33647
39073
39668
31865
38679
30866
33525
37272
34672
33824
35844
33332
36792
30635
33553
38102
30632
33384
31713
31510
37031
39382
33542
38166
32817
31525
30945
33160
35084
31480
37596
38732
30553
37265
30597
39233
38131
34123
36506
32804
37947
32350
36136
34740
32986
39690
32843
33618
33074
34557
35129
30106
33939
38671
38272
36756
30196
39218
39917
35280
30698
37514
34013
31252
34779
34611
30486
32911
38734
36992
35716
36681
39343
31853
31422
32329
31543
34265
35948
34618
38822
31077
34725
32761
39748
32997
39518
39945
32215
39436
35225
32914
36950
39238
34167
31730
33850
34653
34642
32584
31646
30358
39265
30989
32211
30688
33319
33755
34953
39267
38374
33775
30344
33099
36537
30093
36097
36056
30038
38313
35492
35264
31227
32442
34503
35395
34173
38353
30049
38815
30937
31695
39173
30203
32685
31385
30891
36004
35141
35845
35272
33515
39621
35617
36615
36158
35710
32712
32215
35749
31025
37707
31013
32253
30150
35517
37649
34323
33870
37698
33138
34808
39394
32312
35011
32080
33697
35903
38084
38838
31748
33357
32354
31369
38974
38969
37528
34684
31682
39743
30434
32708
37451
31447
34961
37602
36965
32611
31925
30835
30309
35064
35644
39704
37377
30655
31784
31075
36559
39869
39914
38307
33226
32268
39677
32200
31238
37205
36885
32920
36949
37319
35628
34401
38767
30590
32003
35732
33201
33929
36568
33511
38994
32212
33215
36371
32868
34999
37446
39427
34868
37360
37735
38095
39629
37412
30295
30867
34618
37180
33788
31568
34500
39417
35969
33268
30007
37973
39000
33209
31903
35569
36720
30897
37781
39935
37269
30649
34935
34715
30077
39803
32076
37812
37898
31706
35224
38194
32574
39842
35375
36362
31410
39875
35780
37380
33143
35787
35353
32144
38996
37256
37713
35717
38154
35495
35652
35423
36144